object={
	name="tree_cedar_generator_1_0"
	clamp_to_water_level=no
	render_under_water=no
	generated_content=yes
	layer="tree_layer"
	pdxmesh="tree_cedar_01_mesh"
	count=130
	transform="191.701096 0.000000 1643.696655 0.000000 0.196073 0.000000 0.980589 1.000000 1.000000 1.000000
188.122086 0.000000 1641.437134 0.000000 0.559431 0.000000 -0.828877 1.000000 1.000000 1.000000
190.570587 0.000000 1641.343262 0.000000 0.933635 0.000000 0.358225 1.000000 1.000000 1.000000
204.547226 0.000000 1635.630493 0.000000 0.245227 0.000000 0.969466 1.000000 1.000000 1.000000
202.495819 0.000000 1632.066406 0.000000 0.785932 0.000000 0.618313 1.000000 1.000000 1.000000
200.876221 0.000000 1636.418701 0.000000 0.930000 0.000000 0.367559 1.000000 1.000000 1.000000
202.767136 0.000000 1636.376709 0.000000 0.999812 0.000000 0.019371 1.000000 1.000000 1.000000
283.890533 0.000000 1614.299805 0.000000 0.400691 0.000000 0.916213 1.000000 1.000000 1.000000
301.094971 0.000000 1625.841187 0.000000 0.492394 0.000000 -0.870373 1.000000 1.000000 1.000000
303.572845 0.000000 1695.533691 0.000000 0.127154 0.000000 -0.991883 1.000000 1.000000 1.000000
302.147736 0.000000 1691.420044 0.000000 0.965062 0.000000 0.262020 1.000000 1.000000 1.000000
308.183411 0.000000 1691.630737 0.000000 0.256118 0.000000 0.966645 1.000000 1.000000 1.000000
306.184204 0.000000 1691.893677 0.000000 0.944789 0.000000 0.327679 1.000000 1.000000 1.000000
285.424500 0.000000 1719.730713 0.000000 0.983717 0.000000 0.179724 1.000000 1.000000 1.000000
293.481567 0.000000 1710.506226 0.000000 0.657245 0.000000 0.753677 1.000000 1.000000 1.000000
299.679047 0.000000 1710.436279 0.000000 0.678777 0.000000 -0.734345 1.000000 1.000000 1.000000
296.034454 0.000000 1707.439453 0.000000 0.720300 0.000000 0.693663 1.000000 1.000000 1.000000
319.172516 0.000000 1702.880249 0.000000 0.646696 0.000000 -0.762748 1.000000 1.000000 1.000000
296.521667 0.000000 1711.104614 0.000000 0.129773 0.000000 0.991544 1.000000 1.000000 1.000000
318.734375 0.000000 1698.910400 0.000000 0.625272 0.000000 -0.780407 1.000000 1.000000 1.000000
297.948151 0.000000 1713.159668 0.000000 0.255055 0.000000 0.966927 1.000000 1.000000 1.000000
318.554962 0.000000 1705.327637 0.000000 0.450694 0.000000 -0.892678 1.000000 1.000000 1.000000
339.314636 0.000000 1695.754639 0.000000 0.941332 0.000000 0.337481 1.000000 1.000000 1.000000
323.032104 0.000000 1696.878052 0.000000 0.975453 0.000000 -0.220209 1.000000 1.000000 1.000000
320.933685 0.000000 1698.082031 0.000000 0.948532 0.000000 0.316683 1.000000 1.000000 1.000000
394.436127 0.000000 1725.109131 0.000000 0.377608 0.000000 -0.925966 1.000000 1.000000 1.000000
399.561127 0.000000 1727.525879 0.000000 0.237146 0.000000 -0.971474 1.000000 1.000000 1.000000
403.981567 0.000000 1729.773682 0.000000 0.524366 0.000000 -0.851493 1.000000 1.000000 1.000000
2918.341309 0.000000 2023.477295 0.000000 0.165233 0.000000 0.986255 1.000000 1.000000 1.000000
3196.010498 0.000000 1924.931152 0.000000 0.626762 0.000000 -0.779210 1.000000 1.000000 1.000000
3191.203125 0.000000 1926.262573 0.000000 0.962263 0.000000 0.272123 1.000000 1.000000 1.000000
3194.001221 0.000000 1926.926880 0.000000 0.946404 0.000000 -0.322985 1.000000 1.000000 1.000000
3161.532959 0.000000 2043.358398 0.000000 0.160212 0.000000 -0.987083 1.000000 1.000000 1.000000
3178.096436 0.000000 2045.031006 0.000000 0.703493 0.000000 -0.710703 1.000000 1.000000 1.000000
3206.306152 0.000000 1927.500732 0.000000 0.366032 0.000000 0.930602 1.000000 1.000000 1.000000
3215.259766 0.000000 1926.210693 0.000000 0.969307 0.000000 0.245852 1.000000 1.000000 1.000000
3204.045654 0.000000 1924.056030 0.000000 0.790022 0.000000 0.613078 1.000000 1.000000 1.000000
3253.488281 0.000000 1949.856812 0.000000 0.831109 0.000000 0.556110 1.000000 1.000000 1.000000
3250.494385 0.000000 1941.672852 0.000000 0.997773 0.000000 0.066695 1.000000 1.000000 1.000000
3253.845703 0.000000 1945.522705 0.000000 0.277773 0.000000 -0.960647 1.000000 1.000000 1.000000
3439.190186 0.000000 1855.494629 0.000000 0.999739 0.000000 0.022846 1.000000 1.000000 1.000000
3440.114502 0.000000 1866.256470 0.000000 0.894047 0.000000 0.447974 1.000000 1.000000 1.000000
3439.232422 0.000000 1862.226318 0.000000 0.540200 0.000000 0.841536 1.000000 1.000000 1.000000
3439.258789 0.000000 1856.938965 0.000000 0.247546 0.000000 -0.968876 1.000000 1.000000 1.000000
3440.750732 0.000000 1870.485229 0.000000 0.841495 0.000000 -0.540266 1.000000 1.000000 1.000000
3436.769531 0.000000 1856.594482 0.000000 0.144381 0.000000 -0.989522 1.000000 1.000000 1.000000
3439.551514 0.000000 1859.825439 0.000000 0.955371 0.000000 0.295408 1.000000 1.000000 1.000000
3443.729980 0.000000 1880.996948 0.000000 0.945112 0.000000 -0.326746 1.000000 1.000000 1.000000
3441.901123 0.000000 1879.726196 0.000000 0.014233 0.000000 -0.999899 1.000000 1.000000 1.000000
3440.338135 0.000000 1880.792480 0.000000 0.673505 0.000000 -0.739183 1.000000 1.000000 1.000000
3441.045654 0.000000 1878.096802 0.000000 0.724162 0.000000 0.689630 1.000000 1.000000 1.000000
3447.872559 0.000000 1898.833130 0.000000 0.008150 0.000000 0.999967 1.000000 1.000000 1.000000
3449.497803 0.000000 1915.389648 0.000000 0.716670 0.000000 -0.697412 1.000000 1.000000 1.000000
3448.439453 0.000000 1905.310059 0.000000 0.807600 0.000000 -0.589731 1.000000 1.000000 1.000000
3449.300293 0.000000 1911.500488 0.000000 0.642232 0.000000 0.766510 1.000000 1.000000 1.000000
3449.667969 0.000000 1908.255615 0.000000 0.928309 0.000000 -0.371809 1.000000 1.000000 1.000000
3450.823242 0.000000 1913.364990 0.000000 0.484222 0.000000 0.874945 1.000000 1.000000 1.000000
3438.485352 0.000000 1913.058716 0.000000 0.468123 0.000000 0.883663 1.000000 1.000000 1.000000
3438.284180 0.000000 1910.388306 0.000000 0.879068 0.000000 -0.476697 1.000000 1.000000 1.000000
3452.472412 0.000000 2002.691528 0.000000 0.919501 0.000000 0.393087 1.000000 1.000000 1.000000
3453.038086 0.000000 2007.660400 0.000000 0.037637 0.000000 -0.999291 1.000000 1.000000 1.000000
3449.300293 0.000000 2007.477051 0.000000 0.999728 0.000000 0.023334 1.000000 1.000000 1.000000
3454.790039 0.000000 1990.809937 0.000000 0.984216 0.000000 0.176972 1.000000 1.000000 1.000000
3449.667969 0.000000 2004.232178 0.000000 0.999971 0.000000 -0.007585 1.000000 1.000000 1.000000
3451.349121 0.000000 2014.045044 0.000000 0.174719 0.000000 0.984618 1.000000 1.000000 1.000000
3452.018799 0.000000 2005.227173 0.000000 0.994446 0.000000 -0.105246 1.000000 1.000000 1.000000
3450.334961 0.000000 2002.391113 0.000000 0.377827 0.000000 -0.925876 1.000000 1.000000 1.000000
3451.206543 0.000000 2007.168823 0.000000 0.169972 0.000000 -0.985449 1.000000 1.000000 1.000000
3450.438965 0.000000 2005.696899 0.000000 0.266570 0.000000 0.963816 1.000000 1.000000 1.000000
3453.502930 0.000000 2015.688843 0.000000 0.971397 0.000000 0.237463 1.000000 1.000000 1.000000
3461.094971 0.000000 1934.451538 0.000000 0.365642 0.000000 0.930755 1.000000 1.000000 1.000000
3469.761230 0.000000 1947.357544 0.000000 0.748657 0.000000 0.662957 1.000000 1.000000 1.000000
3459.793213 0.000000 1930.594971 0.000000 0.621252 0.000000 0.783611 1.000000 1.000000 1.000000
3459.047119 0.000000 1937.102295 0.000000 0.998931 0.000000 0.046226 1.000000 1.000000 1.000000
3466.717773 0.000000 1945.821045 0.000000 0.999041 0.000000 -0.043795 1.000000 1.000000 1.000000
3459.206787 0.000000 1932.874512 0.000000 0.387454 0.000000 0.921889 1.000000 1.000000 1.000000
3458.058594 0.000000 1982.406738 0.000000 0.435142 0.000000 -0.900362 1.000000 1.000000 1.000000
3472.110596 0.000000 1994.225220 0.000000 0.370740 0.000000 -0.928737 1.000000 1.000000 1.000000
3463.647949 0.000000 1995.369141 0.000000 0.638546 0.000000 0.769583 1.000000 1.000000 1.000000
3475.675781 0.000000 1995.926147 0.000000 0.822778 0.000000 -0.568363 1.000000 1.000000 1.000000
3458.649414 0.000000 1984.807739 0.000000 0.986473 0.000000 0.163926 1.000000 1.000000 1.000000
3455.680176 0.000000 1990.092285 0.000000 0.772319 0.000000 0.635235 1.000000 1.000000 1.000000
2887.718262 0.000000 2059.353516 0.000000 0.125091 0.000000 0.992145 1.000000 1.000000 1.000000
2885.481445 0.000000 2060.081543 0.000000 0.268969 0.000000 0.963149 1.000000 1.000000 1.000000
3013.149658 0.000000 2094.412598 0.000000 0.898076 0.000000 0.439841 1.000000 1.000000 1.000000
3003.778564 0.000000 2153.312256 0.000000 0.737225 0.000000 -0.675648 1.000000 1.000000 1.000000
3002.024658 0.000000 2150.872314 0.000000 0.933497 0.000000 0.358584 1.000000 1.000000 1.000000
3151.293945 0.000000 2048.892090 0.000000 0.999862 0.000000 -0.016589 1.000000 1.000000 1.000000
3151.586670 0.000000 2051.778564 0.000000 0.035833 0.000000 0.999358 1.000000 1.000000 1.000000
3142.283447 0.000000 2051.526855 0.000000 0.986809 0.000000 -0.161887 1.000000 1.000000 1.000000
3178.132812 0.000000 2047.964844 0.000000 0.972528 0.000000 0.232785 1.000000 1.000000 1.000000
3235.178955 0.000000 2068.466309 0.000000 0.443382 0.000000 -0.896333 1.000000 1.000000 1.000000
3237.031006 0.000000 2070.452393 0.000000 0.269114 0.000000 0.963108 1.000000 1.000000 1.000000
3247.213623 0.000000 2111.432129 0.000000 0.897232 0.000000 0.441560 1.000000 1.000000 1.000000
3263.777832 0.000000 2115.510742 0.000000 0.103921 0.000000 0.994586 1.000000 1.000000 1.000000
3421.041992 0.000000 2071.644775 0.000000 0.796997 0.000000 0.603983 1.000000 1.000000 1.000000
3421.506836 0.000000 2047.681030 0.000000 0.779963 0.000000 0.625826 1.000000 1.000000 1.000000
3422.558594 0.000000 2073.841797 0.000000 0.985972 0.000000 -0.166908 1.000000 1.000000 1.000000
3420.022705 0.000000 2069.211426 0.000000 0.936549 0.000000 -0.350538 1.000000 1.000000 1.000000
3422.748047 0.000000 2066.663574 0.000000 0.945946 0.000000 -0.324325 1.000000 1.000000 1.000000
3387.101562 0.000000 2113.270020 0.000000 0.510819 0.000000 0.859688 1.000000 1.000000 1.000000
3388.967773 0.000000 2113.336182 0.000000 0.718106 0.000000 -0.695934 1.000000 1.000000 1.000000
3391.762207 0.000000 2115.510742 0.000000 0.612665 0.000000 -0.790343 1.000000 1.000000 1.000000
5289.838867 0.000000 2652.882568 0.000000 0.084283 0.000000 0.996442 1.000000 1.000000 1.000000
5999.434570 0.000000 3090.235352 0.000000 0.581599 0.000000 -0.813476 1.000000 1.000000 1.000000
6007.501465 0.000000 3071.533691 0.000000 0.033137 0.000000 0.999451 1.000000 1.000000 1.000000
5999.802246 0.000000 3081.959717 0.000000 0.421786 0.000000 -0.906695 1.000000 1.000000 1.000000
5989.966309 0.000000 3079.219482 0.000000 0.617120 0.000000 0.786869 1.000000 1.000000 1.000000
5994.984375 0.000000 3086.100342 0.000000 0.955379 0.000000 0.295384 1.000000 1.000000 1.000000
6004.288086 0.000000 3087.342041 0.000000 0.581665 0.000000 0.813428 1.000000 1.000000 1.000000
5994.758789 0.000000 3080.829102 0.000000 0.579289 0.000000 -0.815122 1.000000 1.000000 1.000000
6011.411621 0.000000 3081.085693 0.000000 0.054823 0.000000 0.998496 1.000000 1.000000 1.000000
6002.948730 0.000000 3079.318848 0.000000 0.968977 0.000000 0.247152 1.000000 1.000000 1.000000
5991.339355 0.000000 3083.103516 0.000000 0.858808 0.000000 -0.512297 1.000000 1.000000 1.000000
6009.657715 0.000000 3078.645752 0.000000 0.933770 0.000000 -0.357873 1.000000 1.000000 1.000000
6005.623047 0.000000 3084.361572 0.000000 0.999871 0.000000 -0.016084 1.000000 1.000000 1.000000
5989.701172 0.000000 3081.503662 0.000000 0.832974 0.000000 0.553312 1.000000 1.000000 1.000000
5996.386230 0.000000 3082.300537 0.000000 0.088395 0.000000 -0.996085 1.000000 1.000000 1.000000
6002.627930 0.000000 3085.876221 0.000000 0.730378 0.000000 0.683043 1.000000 1.000000 1.000000
6082.727051 0.000000 3120.813232 0.000000 0.414899 0.000000 0.909868 1.000000 1.000000 1.000000
6085.287109 0.000000 3123.729736 0.000000 0.840612 0.000000 -0.541638 1.000000 1.000000 1.000000
6084.901367 0.000000 3120.423584 0.000000 0.261477 0.000000 -0.965210 1.000000 1.000000 1.000000
6010.800781 0.000000 3216.313477 0.000000 0.849743 0.000000 0.527197 1.000000 1.000000 1.000000
6300.125000 0.000000 3058.433838 0.000000 0.241500 0.000000 -0.970401 1.000000 1.000000 1.000000
6303.108887 0.000000 3060.673340 0.000000 0.612184 0.000000 -0.790715 1.000000 1.000000 1.000000
6287.520020 0.000000 3062.843994 0.000000 0.509439 0.000000 -0.860507 1.000000 1.000000 1.000000
6303.886719 0.000000 3063.980957 0.000000 0.980888 0.000000 0.194573 1.000000 1.000000 1.000000
6303.243164 0.000000 3061.229248 0.000000 0.838140 0.000000 -0.545455 1.000000 1.000000 1.000000
6263.470215 0.000000 3071.533691 0.000000 0.040931 0.000000 -0.999162 1.000000 1.000000 1.000000
6258.342285 0.000000 3075.280518 0.000000 0.397682 0.000000 -0.917523 1.000000 1.000000 1.000000
"}
object={
	name="tree_cedar_generator_1_1"
	clamp_to_water_level=no
	render_under_water=no
	generated_content=yes
	layer="tree_layer"
	pdxmesh="tree_cedar_02_mesh"
	count=24
	transform="299.453613 0.000000 1705.165039 0.000000 0.598427 0.000000 -0.801177 1.000000 1.000000 1.000000
316.106476 0.000000 1705.421509 0.000000 0.817670 0.000000 -0.575688 1.000000 1.000000 1.000000
299.184357 0.000000 1702.201416 0.000000 0.798784 0.000000 -0.601617 1.000000 1.000000 1.000000
297.079224 0.000000 1715.855347 0.000000 0.389172 0.000000 0.921165 1.000000 1.000000 1.000000
320.062805 0.000000 1702.162598 0.000000 0.379161 0.000000 -0.925331 1.000000 1.000000 1.000000
293.481567 0.000000 1742.498413 0.000000 0.184628 0.000000 0.982809 1.000000 1.000000 1.000000
403.306824 0.000000 1727.746826 0.000000 0.315821 0.000000 0.948819 1.000000 1.000000 1.000000
2964.658691 0.000000 2031.599731 0.000000 0.853761 0.000000 0.520665 1.000000 1.000000 1.000000
2967.836914 0.000000 2030.098999 0.000000 0.009073 0.000000 -0.999959 1.000000 1.000000 1.000000
3193.849365 0.000000 1929.907471 0.000000 0.905811 0.000000 0.423681 1.000000 1.000000 1.000000
3255.837158 0.000000 1951.807129 0.000000 0.320229 0.000000 -0.947340 1.000000 1.000000 1.000000
3450.823242 0.000000 2009.341553 0.000000 0.117224 0.000000 -0.993106 1.000000 1.000000 1.000000
3419.353027 0.000000 2046.037231 0.000000 0.575835 0.000000 -0.817566 1.000000 1.000000 1.000000
3423.890625 0.000000 2047.495483 0.000000 0.073568 0.000000 0.997290 1.000000 1.000000 1.000000
3463.483887 0.000000 1941.867065 0.000000 0.280651 0.000000 0.959810 1.000000 1.000000 1.000000
3471.743164 0.000000 1970.508789 0.000000 0.750704 0.000000 0.660638 1.000000 1.000000 1.000000
3457.255859 0.000000 1966.200439 0.000000 0.995609 0.000000 -0.093613 1.000000 1.000000 1.000000
3455.634521 0.000000 1967.515381 0.000000 0.085171 0.000000 -0.996366 1.000000 1.000000 1.000000
3462.274902 0.000000 1991.485107 0.000000 0.109487 0.000000 0.993988 1.000000 1.000000 1.000000
5294.963867 0.000000 2655.299316 0.000000 0.186889 0.000000 -0.982381 1.000000 1.000000 1.000000
5997.575195 0.000000 3084.211914 0.000000 0.904164 0.000000 0.427186 1.000000 1.000000 1.000000
6004.862305 0.000000 3072.061768 0.000000 0.814212 0.000000 -0.580567 1.000000 1.000000 1.000000
6259.335938 0.000000 3051.668213 0.000000 0.916773 0.000000 -0.399409 1.000000 1.000000 1.000000
6284.472656 0.000000 3063.058105 0.000000 0.008561 0.000000 0.999963 1.000000 1.000000 1.000000
"}
object={
	name="tree_cedar_generator_1_2"
	clamp_to_water_level=no
	render_under_water=no
	generated_content=yes
	layer="tree_layer"
	pdxmesh="tree_cedar_03_mesh"
	count=23
	transform="202.841217 0.000000 1634.319946 0.000000 0.068819 0.000000 -0.997629 1.000000 1.000000 1.000000
295.870422 0.000000 1717.921753 0.000000 0.670576 0.000000 -0.741841 1.000000 1.000000 1.000000
297.343201 0.000000 1709.132690 0.000000 0.208338 0.000000 -0.978057 1.000000 1.000000 1.000000
401.816650 0.000000 1729.693604 0.000000 0.205492 0.000000 -0.978659 1.000000 1.000000 1.000000
3206.041016 0.000000 1929.784912 0.000000 0.463340 0.000000 -0.886181 1.000000 1.000000 1.000000
3249.736084 0.000000 1945.772339 0.000000 0.805930 0.000000 -0.592011 1.000000 1.000000 1.000000
3447.813721 0.000000 1951.807129 0.000000 0.120668 0.000000 0.992693 1.000000 1.000000 1.000000
3448.439453 0.000000 2001.286621 0.000000 0.204255 0.000000 -0.978918 1.000000 1.000000 1.000000
3452.337646 0.000000 2011.393921 0.000000 0.300288 0.000000 -0.953849 1.000000 1.000000 1.000000
3451.113037 0.000000 2000.610474 0.000000 0.665440 0.000000 0.746451 1.000000 1.000000 1.000000
3451.282715 0.000000 2003.794678 0.000000 0.669574 0.000000 -0.742745 1.000000 1.000000 1.000000
3466.061279 0.000000 1949.054443 0.000000 0.071761 0.000000 -0.997422 1.000000 1.000000 1.000000
3457.947021 0.000000 1927.030884 0.000000 0.299223 0.000000 0.954183 1.000000 1.000000 1.000000
3455.681396 0.000000 1969.624634 0.000000 0.494600 0.000000 -0.869121 1.000000 1.000000 1.000000
3228.834961 0.000000 2105.461914 0.000000 0.802273 0.000000 0.596957 1.000000 1.000000 1.000000
3419.983154 0.000000 2052.899902 0.000000 0.900794 0.000000 -0.434247 1.000000 1.000000 1.000000
3423.758301 0.000000 2051.526367 0.000000 0.489427 0.000000 -0.872044 1.000000 1.000000 1.000000
6005.475586 0.000000 3074.302002 0.000000 0.756914 0.000000 0.653515 1.000000 1.000000 1.000000
5994.265137 0.000000 3083.457764 0.000000 0.686448 0.000000 0.727179 1.000000 1.000000 1.000000
6289.365234 0.000000 3065.499023 0.000000 0.422811 0.000000 0.906218 1.000000 1.000000 1.000000
6300.690430 0.000000 3063.402588 0.000000 0.743541 0.000000 -0.668690 1.000000 1.000000 1.000000
6319.763184 0.000000 3049.967529 0.000000 0.582279 0.000000 0.812989 1.000000 1.000000 1.000000
6306.699707 0.000000 3056.828857 0.000000 0.997337 0.000000 0.072931 1.000000 1.000000 1.000000
"}
object={
	name="tree_cedar_generator_1_3"
	clamp_to_water_level=no
	render_under_water=no
	generated_content=yes
	layer="tree_layer"
	pdxmesh="tree_cedar_04_mesh"
	count=6
	transform="306.095245 0.000000 1689.834839 0.000000 0.915402 0.000000 0.402541 1.000000 1.000000 1.000000
310.204803 0.000000 1689.585205 0.000000 0.660802 0.000000 -0.750561 1.000000 1.000000 1.000000
298.960022 0.000000 1707.793823 0.000000 0.969080 0.000000 -0.246747 1.000000 1.000000 1.000000
3451.504150 0.000000 1998.206055 0.000000 0.868889 0.000000 0.495007 1.000000 1.000000 1.000000
2885.165283 0.000000 2062.420410 0.000000 0.766037 0.000000 0.642796 1.000000 1.000000 1.000000
5992.648438 0.000000 3084.796631 0.000000 0.160322 0.000000 -0.987065 1.000000 1.000000 1.000000
"}
