object={
	name="lakes"
	clamp_to_water_level=yes
	render_under_water=no
	generated_content=no
	layer="lake_layer"
	pdxmesh="lake_mesh"
	count=61
	transform="2998.791504 -0.104248 2185.504883 -0.000000 -0.791972 -0.000000 0.610557 36.814381 36.814381 36.814381
7216.826660 -1.116944 3595.515137 -0.000000 0.836767 -0.000000 0.547559 47.044815 47.044815 47.044815
7038.252441 -1.073975 3787.800781 -0.000000 0.975658 -0.000000 -0.219295 107.178139 107.178139 107.178139
6915.193359 -1.073975 3681.846191 -0.000000 -0.319592 -0.000000 0.947555 148.087280 148.087280 148.087280
6892.992188 -2.136963 3542.162598 -0.000000 0.591528 -0.000000 0.806285 99.441666 99.441666 99.441666
6811.879883 2.297851 3484.884277 -0.000000 -0.933412 -0.000000 -0.358808 43.043137 43.043137 43.043137
6716.521973 2.383789 3423.586914 -0.000000 -0.933412 -0.000000 -0.358808 22.817297 22.817297 22.817297
6700.247559 1.447021 3380.864746 -0.000000 -0.810348 -0.000000 0.585950 15.507333 15.507333 15.507333
6645.769531 1.447021 3401.425293 -0.000000 -0.998476 -0.000000 -0.055195 32.570011 32.570011 32.570011
6617.156738 1.626220 3316.706787 -0.000000 -0.638850 0.000000 -0.769332 12.250639 12.250639 12.250639
6579.985352 1.626220 3260.014648 -0.000000 0.957286 -0.000000 0.289142 35.804142 35.804142 35.804142
3160.588135 -0.679688 2285.339355 -0.000000 0.798577 -0.000000 0.601893 77.245003 77.245003 77.245003
3061.025146 -0.197510 2161.756348 -0.000000 0.342416 -0.000000 0.939548 38.876869 38.876869 38.876869
2928.679932 0.000000 2112.250977 -0.000000 0.717751 -0.000000 0.696299 9.309943 9.309943 9.309943
2930.484131 3.428467 2179.190918 -0.000000 0.998688 -0.000000 -0.051221 24.876080 24.876080 24.876080
2946.872559 -2.952148 2138.309326 -0.000000 0.177070 -0.000000 0.984198 19.712212 19.712212 19.712212
1439.747314 0.000000 2820.523682 -0.000000 -0.213836 -0.000000 0.976870 33.842247 33.842247 33.842247
1683.011475 0.000000 2898.108154 -0.000000 0.225164 -0.000000 0.974321 8.040226 8.040226 8.040226
1612.882568 0.000000 2899.951660 -0.000000 0.225164 -0.000000 0.974321 8.040226 8.040226 8.040226
1498.659180 0.000000 2877.707031 -0.000000 0.225164 -0.000000 0.974321 38.527111 38.527111 38.527111
1392.588257 0.000000 2795.500000 -0.000000 -0.987510 -0.000000 0.157555 8.347675 8.347675 8.347675
1410.112671 0.000000 2798.866211 -0.000000 -0.962682 -0.000000 -0.270634 8.347675 8.347675 8.347675
1747.206909 2.254395 2900.764160 -0.000000 -0.592878 -0.000000 0.805292 7.644852 7.644852 7.644852
1323.530273 0.000000 2778.946045 -0.000000 -0.407173 -0.000000 0.913351 65.983879 65.983879 65.983879
5695.532227 1.883789 3890.408691 -0.000000 -0.919888 -0.000000 -0.392181 86.653282 86.653282 86.653282
5610.946777 0.935059 3983.351562 -0.000000 -0.964013 -0.000000 -0.265855 20.461449 20.461449 20.461449
3353.577637 3.849854 2478.384766 -0.000000 -0.968985 -0.000000 0.247121 7.058145 7.058145 7.058145
5488.834473 1.916993 3661.088623 -0.000000 -0.964013 -0.000000 -0.265855 19.255470 19.255470 19.255470
5609.525391 0.935059 3753.791992 -0.000000 -0.964013 -0.000000 -0.265855 13.725185 13.725185 13.725185
5687.272949 -0.837402 3669.635010 -0.000000 0.092519 -0.000000 0.995711 15.019581 15.019581 15.019581
5671.295410 -0.141113 3479.716553 -0.000000 0.092519 -0.000000 0.995711 43.852169 43.852169 43.852169
3893.711670 1.130371 2651.532715 -0.000000 0.092519 -0.000000 0.995711 34.662483 34.662483 34.662483
2286.639648 0.702393 2206.308594 -0.000000 -0.878052 -0.000000 0.478564 12.058838 12.058838 12.058838
2282.913086 0.000000 2324.118896 -0.000000 0.719046 -0.000000 0.694962 23.327410 23.327410 23.327410
2258.565430 0.000000 2338.368652 -0.000000 -0.703235 -0.000000 0.710957 29.122749 29.122749 29.122749
1640.457642 -1.042237 3927.871338 -0.000000 0.357145 -0.000000 -0.934047 50.710735 50.710735 50.710735
3506.744385 -0.822754 2350.067139 -0.000000 -0.287795 -0.000000 -0.957691 22.888979 22.888979 22.888979
3567.382812 1.124268 2362.529785 -0.000000 0.180590 -0.000000 -0.983557 13.588097 13.588097 13.588097
3854.982422 0.000000 2290.781738 -0.000000 0.948484 -0.000000 -0.316821 15.569143 15.569143 15.569143
3938.924805 0.000000 2551.674316 -0.000000 0.948484 -0.000000 -0.316821 21.428001 21.428001 21.428001
3995.063965 0.000000 2441.020508 -0.000000 0.948484 -0.000000 -0.316821 76.687721 76.687721 76.687721
3815.631836 0.000000 2476.191162 -0.000000 0.476375 -0.000000 -0.879241 76.687721 76.687721 76.687721
1668.628662 0.000000 2606.487305 -0.000000 -0.172202 -0.000000 0.985062 12.399179 12.399179 12.399179
1683.340088 0.000000 2386.670654 -0.000000 -0.025799 -0.000000 0.999667 12.399179 12.399179 12.399179
1776.820312 2.758545 2376.791992 -0.000000 0.047727 -0.000000 0.998860 12.399179 12.399179 12.399179
1668.222656 1.030762 2484.676270 -0.000000 0.384686 -0.000000 0.923047 10.347507 10.347507 10.347507
1661.285645 0.000000 2427.620850 -0.000000 0.047727 -0.000000 0.998860 12.399179 12.399179 12.399179
3009.548828 1.774903 2232.112793 0.000000 -0.167902 0.000000 0.985804 9.616621 9.616621 9.616621
3030.982666 3.068115 2224.978760 0.000000 -0.343849 0.000000 0.939025 18.251459 18.251459 18.251459
3165.889160 0.104736 2167.360596 0.000000 -0.167391 0.000000 0.985891 12.402239 12.402239 12.402239
3286.763916 1.775146 2272.861328 0.000000 -0.790479 0.000000 0.612489 14.764947 14.764947 14.764947
3100.425049 1.584717 2130.475342 0.000000 0.000000 0.000000 1.000000 8.439941 8.439941 8.439941
4718.708496 0.537781 580.500183 0.000000 -0.546403 0.000000 0.837522 12.552440 12.552440 12.552440
1149.216431 0.603516 1807.583252 0.000000 0.369947 0.000000 0.929053 56.851868 56.851868 56.851868
2420.074463 -0.162354 3633.069092 0.000000 0.691887 0.000000 0.722006 48.809719 48.809719 48.809719
4139.757812 1.508457 60.439667 0.000000 -0.715175 0.000000 0.698945 55.755199 55.755199 55.755199
4999.342285 3.146485 2072.315918 0.000000 0.266750 0.000000 0.963766 51.873085 51.873085 51.873085
5317.170410 1.886230 2038.361084 0.000000 0.000000 0.000000 1.000000 43.520851 43.520851 43.520851
5300.780762 1.352295 2409.824707 0.000000 -0.772915 0.000000 0.634509 53.594696 53.594696 53.594696
5386.876465 1.746582 2345.398682 0.000000 -0.208123 0.000000 0.978103 41.884125 41.884125 41.884125
4535.654785 2.104004 2389.415527 0.000000 0.736741 0.000000 -0.676175 41.322807 41.322807 41.322807
"}
